image_width: 1280
image_height: 720
camera_name: DahengCam
camera_matrix:
  rows: 3
  cols: 3
  data: [1578.358995, 0.0, 654.968587, 0.0, 1578.264489, 360.292047, 0.0, 0.0, 1.0]
distortion_model: plumb_bob
distortion_coefficients:
  rows: 1
  cols: 5
  data: [-0.251431, 0.148994, -0.001818, 0.000197, 0.0]
rectification_matrix: # 暂不使用
  rows: 3
  cols: 3
  data: [0.000000, 0.000000, 0.000000, 0.000000, 1.000000, 0.000000, 0.000000, 0.000000, 1.000000]
projection_matrix:  # 暂不使用
  rows: 3
  cols: 4
  data: [0.000000, 0.000000, 0.000000, 0.000000, 0.000000, 0.000000, 0.000000, 0.000000, 0.000000, 0.000000, 0.000000, 0.000000]