image_width: 1280
image_height: 720
camera_name: DahengCam
camera_matrix:
  rows: 3
  cols: 3
  data: [1.559632636e+03, 0.0, 646.107429, 0.0, 1.558958731e+03, 373.380080, 0.0, 0.0, 1.0]
distortion_model: plumb_bob
distortion_coefficients:
  rows: 1
  cols: 5
  data: [-0.240967, 0.089893, -0.002046, 0.001532, 0.0]
rectification_matrix: # 暂不使用
  rows: 3
  cols: 3
  data: [1.000000, 0.000000, 0.000000, 0.000000, 1.000000, 0.000000, 0.000000, 0.000000, 1.000000]
projection_matrix:  # 暂不使用
  rows: 3
  cols: 4
  data: [1494.261108, 0.000000, 647.554613, 0.000000, 0.000000, 1536.744385, 372.676531, 0.000000, 0.000000, 0.000000, 1.000000, 0.000000]